0.000000000000000000e+00 3.970320674703942180e-21
1.000000000000000021e-03 7.550151725700014142e-04
2.000000000000000042e-03 1.510784981820438577e-03
3.000000000000000062e-03 2.267309425313692589e-03
4.000000000000000083e-03 3.024588498984462619e-03
5.000000000000000104e-03 3.782622197132951697e-03
6.000000000000000125e-03 4.541410512418030815e-03
7.000000000000000146e-03 5.300953435850387641e-03
8.000000000000000167e-03 6.061250956785657444e-03
9.000000000000001055e-03 6.822303062917534945e-03
1.000000000000000021e-02 7.584109740270865777e-03
1.099999999999999936e-02 8.346670973194728407e-03
1.200000000000000025e-02 9.109986744355482238e-03
1.300000000000000114e-02 9.874057034729820034e-03
1.400000000000000029e-02 1.063888182359777959e-02
1.499999999999999944e-02 1.140446108853575106e-02
1.600000000000000033e-02 1.217079480540946869e-02
1.700000000000000122e-02 1.293788294836696606e-02
1.800000000000000211e-02 1.370572548983153838e-02
1.899999999999999953e-02 1.447432240049466995e-02
2.000000000000000042e-02 1.524367364930894961e-02
2.100000000000000130e-02 1.601377920348096007e-02
2.199999999999999872e-02 1.678463902846417249e-02
2.299999999999999961e-02 1.755625308795178210e-02
2.400000000000000050e-02 1.832862134386958192e-02
2.500000000000000139e-02 1.910174375636875324e-02
2.600000000000000228e-02 1.987562028381870821e-02
2.699999999999999969e-02 2.065025088279984211e-02
2.800000000000000058e-02 2.142563550809633774e-02
2.900000000000000147e-02 2.220177411268889692e-02
2.999999999999999889e-02 2.297866664774748241e-02
3.099999999999999978e-02 2.375631306262403902e-02
3.200000000000000067e-02 2.453471330484518695e-02
3.300000000000000155e-02 2.531386732010491164e-02
3.400000000000000244e-02 2.609377505225721899e-02
3.500000000000000333e-02 2.687443644330879400e-02
3.600000000000000422e-02 2.765585143341161775e-02
3.699999999999999817e-02 2.843801996085558101e-02
3.799999999999999906e-02 2.922094196206108385e-02
3.899999999999999994e-02 3.000461737157160760e-02
4.000000000000000083e-02 3.078904612204627286e-02
4.100000000000000172e-02 3.157422814425238367e-02
4.200000000000000261e-02 3.236016336705793695e-02
4.300000000000000350e-02 3.314685171742415282e-02
4.399999999999999745e-02 3.393429312039793894e-02
4.499999999999999833e-02 3.472248749910437221e-02
4.599999999999999922e-02 3.551143477473914234e-02
4.700000000000000011e-02 3.630113486656100924e-02
4.800000000000000100e-02 3.709158769188418414e-02
4.900000000000000189e-02 3.788279316607077313e-02
5.000000000000000278e-02 3.867475120252312354e-02
5.100000000000000366e-02 3.946746171267620507e-02
5.200000000000000455e-02 4.026092460598995615e-02
5.299999999999999850e-02 4.105513978994163038e-02
5.399999999999999939e-02 4.185010717001807351e-02
5.500000000000000028e-02 4.264582664970805598e-02
5.600000000000000117e-02 4.344229813049452910e-02
5.700000000000000205e-02 4.423952151184689513e-02
5.800000000000000294e-02 4.503749669121324961e-02
5.900000000000000383e-02 4.583622356401261672e-02
5.999999999999999778e-02 4.663570202362714995e-02
6.099999999999999867e-02 4.743593196139431201e-02
6.199999999999999956e-02 4.823691326659908934e-02
6.300000000000000044e-02 4.903864582646610959e-02
6.400000000000000133e-02 4.984112952615181447e-02
6.500000000000000222e-02 5.064436424873655640e-02
6.600000000000000311e-02 5.144834987521672981e-02
6.700000000000000400e-02 5.225308628449686077e-02
6.800000000000000488e-02 5.305857335338164810e-02
6.900000000000000577e-02 5.386481095656807383e-02
7.000000000000000666e-02 5.467179896663739574e-02
7.100000000000000755e-02 5.547953725404719538e-02
7.200000000000000844e-02 5.628802568712337751e-02
7.299999999999999545e-02 5.709726413205216261e-02
7.399999999999999634e-02 5.790725245287205863e-02
7.499999999999999722e-02 5.871799051146581183e-02
7.599999999999999811e-02 5.952947816755235766e-02
7.699999999999999900e-02 6.034171527867873697e-02
7.799999999999999989e-02 6.115470170021201218e-02
7.900000000000000078e-02 6.196843728533112799e-02
8.000000000000000167e-02 6.278292188501882753e-02
8.100000000000000255e-02 6.359815534805347836e-02
8.200000000000000344e-02 6.441413752100093315e-02
8.300000000000000433e-02 6.523086824820632790e-02
8.400000000000000522e-02 6.604834737178592874e-02
8.500000000000000611e-02 6.686657473161887466e-02
8.600000000000000699e-02 6.768555016533901736e-02
8.700000000000000788e-02 6.850527350832660844e-02
8.799999999999999489e-02 6.932574459370009767e-02
8.899999999999999578e-02 7.014696325230784790e-02
8.999999999999999667e-02 7.096892931271982230e-02
9.099999999999999756e-02 7.179164260121929930e-02
9.199999999999999845e-02 7.261510294179458758e-02
9.299999999999999933e-02 7.343931015613061608e-02
9.400000000000000022e-02 7.426426406360060739e-02
9.500000000000000111e-02 7.508996448125776491e-02
9.600000000000000200e-02 7.591641122382680740e-02
9.700000000000000289e-02 7.674360410369562846e-02
9.800000000000000377e-02 7.757154293090685881e-02
9.900000000000000466e-02 7.840022751314942862e-02
1.000000000000000056e-01 7.922965765575015751e-02
1.010000000000000064e-01 8.005983316166521979e-02
1.020000000000000073e-01 8.089075383147174836e-02
1.030000000000000082e-01 8.172241946335928597e-02
1.040000000000000091e-01 8.255482985312134758e-02
1.049999999999999961e-01 8.338798479414678833e-02
1.059999999999999970e-01 8.422188407741135197e-02
1.069999999999999979e-01 8.505652749146910829e-02
1.079999999999999988e-01 8.589191482244384890e-02
1.089999999999999997e-01 8.672804585402051070e-02
1.100000000000000006e-01 8.756492036743664109e-02
1.110000000000000014e-01 8.840253814147369660e-02
1.120000000000000023e-01 8.924089895244845250e-02
1.130000000000000032e-01 9.008000257420435697e-02
1.140000000000000041e-01 9.091984877810291299e-02
1.150000000000000050e-01 9.176043733301493532e-02
1.160000000000000059e-01 9.260176800531191854e-02
1.170000000000000068e-01 9.344384055885730789e-02
1.180000000000000077e-01 9.428665475499778403e-02
1.190000000000000085e-01 9.513021035255454783e-02
1.199999999999999956e-01 9.597450710781459116e-02
1.209999999999999964e-01 9.681954477452189844e-02
1.219999999999999973e-01 9.766532310386868976e-02
1.229999999999999982e-01 9.851184184448663617e-02
1.239999999999999991e-01 9.935910074243806123e-02
1.250000000000000000e-01 1.002070995412071425e-01
1.260000000000000009e-01 1.010558379816910296e-01
1.270000000000000018e-01 1.019053158021910738e-01
1.280000000000000027e-01 1.027555327384039180e-01
1.290000000000000036e-01 1.036064885234126293e-01
1.300000000000000044e-01 1.044581828876778584e-01
1.310000000000000053e-01 1.053106155590288889e-01
1.320000000000000062e-01 1.061637862626547690e-01
1.330000000000000071e-01 1.070176947210953605e-01
1.340000000000000080e-01 1.078723406542324015e-01
1.350000000000000089e-01 1.087277237792806106e-01
1.360000000000000098e-01 1.095838438107786111e-01
1.370000000000000107e-01 1.104407004605800768e-01
1.380000000000000115e-01 1.112982934378446559e-01
1.390000000000000124e-01 1.121566224490290337e-01
1.400000000000000133e-01 1.130156871978778288e-01
1.410000000000000142e-01 1.138754873854146837e-01
1.420000000000000151e-01 1.147360227099331054e-01
1.430000000000000160e-01 1.155972928669874999e-01
1.440000000000000169e-01 1.164592975493840693e-01
1.449999999999999900e-01 1.173220364471717209e-01
1.459999999999999909e-01 1.181855092476330193e-01
1.469999999999999918e-01 1.190497156352750274e-01
1.479999999999999927e-01 1.199146552918202574e-01
1.489999999999999936e-01 1.207803278961974702e-01
1.499999999999999944e-01 1.216467331245326133e-01
1.509999999999999953e-01 1.225138706501396196e-01
1.519999999999999962e-01 1.233817401435112343e-01
1.529999999999999971e-01 1.242503412723098971e-01
1.539999999999999980e-01 1.251196737013585136e-01
1.549999999999999989e-01 1.259897370926312543e-01
1.559999999999999998e-01 1.268605311052443674e-01
1.570000000000000007e-01 1.277320553954469917e-01
1.580000000000000016e-01 1.286043096166117894e-01
1.590000000000000024e-01 1.294772934192259251e-01
1.600000000000000033e-01 1.303510064508816013e-01
1.610000000000000042e-01 1.312254483562668717e-01
1.620000000000000051e-01 1.321006187771564533e-01
1.630000000000000060e-01 1.329765173524023181e-01
1.640000000000000069e-01 1.338531437179244221e-01
1.650000000000000078e-01 1.347304975067014354e-01
1.660000000000000087e-01 1.356085783487614438e-01
1.670000000000000095e-01 1.364873858711725396e-01
1.680000000000000104e-01 1.373669196980335516e-01
1.690000000000000113e-01 1.382471794504646911e-01
1.700000000000000122e-01 1.391281647465981708e-01
1.710000000000000131e-01 1.400098752015688230e-01
1.720000000000000140e-01 1.408923104275047744e-01
1.730000000000000149e-01 1.417754700335180640e-01
1.740000000000000158e-01 1.426593536256951233e-01
1.750000000000000167e-01 1.435439608070875894e-01
1.759999999999999898e-01 1.444292911777026178e-01
1.769999999999999907e-01 1.453153443344937512e-01
1.779999999999999916e-01 1.462021198713512327e-01
1.789999999999999925e-01 1.470896173790927075e-01
1.799999999999999933e-01 1.479778364454537587e-01
1.809999999999999942e-01 1.488667766550783866e-01
1.819999999999999951e-01 1.497564375895096001e-01
1.829999999999999960e-01 1.506468188271799513e-01
1.839999999999999969e-01 1.515379199434019053e-01
1.849999999999999978e-01 1.524297405103586245e-01
1.859999999999999987e-01 1.533222800970941158e-01
1.869999999999999996e-01 1.542155382695040988e-01
1.880000000000000004e-01 1.551095145903261252e-01
1.890000000000000013e-01 1.560042086191303634e-01
1.900000000000000022e-01 1.568996199123098567e-01
1.910000000000000031e-01 1.577957480230710308e-01
1.920000000000000040e-01 1.586925925014242567e-01
1.930000000000000049e-01 1.595901528941741365e-01
1.940000000000000058e-01 1.604884287449100388e-01
1.950000000000000067e-01 1.613874195939964951e-01
1.960000000000000075e-01 1.622871249785637071e-01
1.970000000000000084e-01 1.631875444324977775e-01
1.980000000000000093e-01 1.640886774864313002e-01
1.990000000000000102e-01 1.649905236677337295e-01
2.000000000000000111e-01 1.658930825005016929e-01
2.010000000000000120e-01 1.667963535055494717e-01
2.020000000000000129e-01 1.677003362003993414e-01
2.030000000000000138e-01 1.686050300992719964e-01
2.040000000000000147e-01 1.695104347130768352e-01
2.050000000000000155e-01 1.704165495494024407e-01
2.060000000000000164e-01 1.713233741125068932e-01
2.070000000000000173e-01 1.722309079033081114e-01
2.080000000000000182e-01 1.731391504193742215e-01
2.089999999999999913e-01 1.740481011549139256e-01
2.099999999999999922e-01 1.749577596007667601e-01
2.109999999999999931e-01 1.758681252443936027e-01
2.119999999999999940e-01 1.767791975698667917e-01
2.129999999999999949e-01 1.776909760578606334e-01
2.139999999999999958e-01 1.786034601856416604e-01
2.149999999999999967e-01 1.795166494270589441e-01
2.159999999999999976e-01 1.804305432525343533e-01
2.169999999999999984e-01 1.813451411290530335e-01
2.179999999999999993e-01 1.822604425201535538e-01
2.190000000000000002e-01 1.831764468859182760e-01
2.200000000000000011e-01 1.840931536829636672e-01
2.210000000000000020e-01 1.850105623644305863e-01
2.220000000000000029e-01 1.859286723799745689e-01
2.230000000000000038e-01 1.868474831757561683e-01
2.240000000000000047e-01 1.877669941944311305e-01
2.250000000000000056e-01 1.886872048751408459e-01
2.260000000000000064e-01 1.896081146535024686e-01
2.270000000000000073e-01 1.905297229615993682e-01
2.280000000000000082e-01 1.914520292279712488e-01
2.290000000000000091e-01 1.923750328776045182e-01
2.300000000000000100e-01 1.932987333319225731e-01
2.310000000000000109e-01 1.942231300087760293e-01
2.320000000000000118e-01 1.951482223224330070e-01
2.330000000000000127e-01 1.960740096835694168e-01
2.340000000000000135e-01 1.970004914992592449e-01
2.350000000000000144e-01 1.979276671729648107e-01
2.360000000000000153e-01 1.988555361045269698e-01
2.370000000000000162e-01 1.997840976901555377e-01
2.380000000000000171e-01 2.007133513224194088e-01
2.390000000000000180e-01 2.016432963902368702e-01
2.399999999999999911e-01 2.025739322788659424e-01
2.409999999999999920e-01 2.035052583698945261e-01
2.419999999999999929e-01 2.044372740412307710e-01
2.429999999999999938e-01 2.053699786670933058e-01
2.439999999999999947e-01 2.063033716180015242e-01
2.449999999999999956e-01 2.072374522607657865e-01
2.459999999999999964e-01 2.081722199584778166e-01
2.469999999999999973e-01 2.091076740705008485e-01
2.479999999999999982e-01 2.100438139524600234e-01
2.489999999999999991e-01 2.109806389562325635e-01
2.500000000000000000e-01 2.119181484299380580e-01
2.510000000000000009e-01 2.128563417179288320e-01
2.520000000000000018e-01 2.137952181607801483e-01
2.530000000000000027e-01 2.147347770952804935e-01
2.540000000000000036e-01 2.156750178544219188e-01
2.550000000000000044e-01 2.166159397673902420e-01
2.560000000000000053e-01 2.175575421595554726e-01
2.570000000000000062e-01 2.184998243524619854e-01
2.580000000000000071e-01 2.194427856638188068e-01
2.590000000000000080e-01 2.203864254074900941e-01
2.600000000000000089e-01 2.213307428934851995e-01
2.610000000000000098e-01 2.222757374279492049e-01
2.620000000000000107e-01 2.232214083131530413e-01
2.630000000000000115e-01 2.241677548474839410e-01
2.640000000000000124e-01 2.251147763254357226e-01
2.650000000000000133e-01 2.260624720375991048e-01
2.660000000000000142e-01 2.270108412706520473e-01
2.670000000000000151e-01 2.279598833073500641e-01
2.680000000000000160e-01 2.289095974265166200e-01
2.690000000000000169e-01 2.298599829030334163e-01
2.700000000000000178e-01 2.308110390078308427e-01
2.710000000000000187e-01 2.317627650078781798e-01
2.720000000000000195e-01 2.327151601661741065e-01
2.730000000000000204e-01 2.336682237417370411e-01
2.740000000000000213e-01 2.346219549895954271e-01
2.750000000000000222e-01 2.355763531607782957e-01
2.760000000000000231e-01 2.365314175023054688e-01
2.770000000000000240e-01 2.374871472571780662e-01
2.780000000000000249e-01 2.384435416643689298e-01
2.790000000000000258e-01 2.394005999588129374e-01
2.800000000000000266e-01 2.403583213713975653e-01
2.810000000000000275e-01 2.413167051289531462e-01
2.820000000000000284e-01 2.422757504542435159e-01
2.830000000000000293e-01 2.432354565659562706e-01
2.840000000000000302e-01 2.441958226786933028e-01
2.850000000000000311e-01 2.451568480029612807e-01
2.860000000000000320e-01 2.461185317451621557e-01
2.870000000000000329e-01 2.470808731075835318e-01
2.880000000000000338e-01 2.480438712883892560e-01
2.889999999999999791e-01 2.490075254816098427e-01
2.899999999999999800e-01 2.499718348771331478e-01
2.909999999999999809e-01 2.509367986606946266e-01
2.919999999999999818e-01 2.519024160138682022e-01
2.929999999999999827e-01 2.528686861140564957e-01
2.939999999999999836e-01 2.538356081344814719e-01
2.949999999999999845e-01 2.548031812441752808e-01
2.959999999999999853e-01 2.557714046079703762e-01
2.969999999999999862e-01 2.567402773864904120e-01
2.979999999999999871e-01 2.577097987361408604e-01
2.989999999999999880e-01 2.586799678090994092e-01
2.999999999999999889e-01 2.596507837533068019e-01
3.009999999999999898e-01 2.606222457124572900e-01
3.019999999999999907e-01 2.615943528259895845e-01
3.029999999999999916e-01 2.625671042290771418e-01
3.039999999999999925e-01 2.635404990526190594e-01
3.049999999999999933e-01 2.645145364232308616e-01
3.059999999999999942e-01 2.654892154632349510e-01
3.069999999999999951e-01 2.664645352906514497e-01
3.079999999999999960e-01 2.674404950191891506e-01
3.089999999999999969e-01 2.684170937582358030e-01
3.099999999999999978e-01 2.693943306128493420e-01
3.109999999999999987e-01 2.703722046837483961e-01
3.119999999999999996e-01 2.713507150673030721e-01
3.130000000000000004e-01 2.723298608555259626e-01
3.140000000000000013e-01 2.733096411360628752e-01
3.150000000000000022e-01 2.742900549921836184e-01
3.160000000000000031e-01 2.752711015027728414e-01
3.170000000000000040e-01 2.762527797423210973e-01
3.180000000000000049e-01 2.772350887809155173e-01
3.190000000000000058e-01 2.782180276842308730e-01
3.200000000000000067e-01 2.792015955135205285e-01
3.210000000000000075e-01 2.801857913256071142e-01
3.220000000000000084e-01 2.811706141728739228e-01
3.230000000000000093e-01 2.821560631032554167e-01
3.240000000000000102e-01 2.831421371602287351e-01
3.250000000000000111e-01 2.841288353828042013e-01
3.260000000000000120e-01 2.851161568055168294e-01
3.270000000000000129e-01 2.861041004584169434e-01
3.280000000000000138e-01 2.870926653670616835e-01
3.290000000000000147e-01 2.880818505525057915e-01
3.300000000000000155e-01 2.890716550312928401e-01
3.310000000000000164e-01 2.900620778154464063e-01
3.320000000000000173e-01 2.910531179124611900e-01
3.330000000000000182e-01 2.920447743252941319e-01
3.340000000000000191e-01 2.930370460523557541e-01
3.350000000000000200e-01 2.940299320875013334e-01
3.360000000000000209e-01 2.950234314200220198e-01
3.370000000000000218e-01 2.960175430346362879e-01
3.380000000000000226e-01 2.970122659114811103e-01
3.390000000000000235e-01 2.980075990261034091e-01
3.400000000000000244e-01 2.990035413494510630e-01
3.410000000000000253e-01 3.000000918478648027e-01
3.420000000000000262e-01 3.009972494830689405e-01
3.430000000000000271e-01 3.019950132121634323e-01
3.440000000000000280e-01 3.029933819876148293e-01
3.450000000000000289e-01 3.039923547572478957e-01
3.460000000000000298e-01 3.049919304642370599e-01
3.470000000000000306e-01 3.059921080470981436e-01
3.480000000000000315e-01 3.069928864396794799e-01
3.490000000000000324e-01 3.079942645711538085e-01
3.500000000000000333e-01 3.089962413660096163e-01
3.510000000000000342e-01 3.099988157440430325e-01
3.519999999999999796e-01 3.110019866203491135e-01
3.529999999999999805e-01 3.120057529053137935e-01
3.539999999999999813e-01 3.130101135046054472e-01
3.549999999999999822e-01 3.140150673191665076e-01
3.559999999999999831e-01 3.150206132452054719e-01
3.569999999999999840e-01 3.160267501741884644e-01
3.579999999999999849e-01 3.170334769928309648e-01
3.589999999999999858e-01 3.180407925830899263e-01
3.599999999999999867e-01 3.190486958221553926e-01
3.609999999999999876e-01 3.200571855824423939e-01
3.619999999999999885e-01 3.210662607315830086e-01
3.629999999999999893e-01 3.220759201324180920e-01
3.639999999999999902e-01 3.230861626429895606e-01
3.649999999999999911e-01 3.240969871165320093e-01
3.659999999999999920e-01 3.251083924014651072e-01
3.669999999999999929e-01 3.261203773413853813e-01
3.679999999999999938e-01 3.271329407750584450e-01
3.689999999999999947e-01 3.281460815364112826e-01
3.699999999999999956e-01 3.291597984545239219e-01
3.709999999999999964e-01 3.301740903536223293e-01
3.719999999999999973e-01 3.311889560530699161e-01
3.729999999999999982e-01 3.322043943673602673e-01
3.739999999999999991e-01 3.332204041061094246e-01
3.750000000000000000e-01 3.342369840740478382e-01
3.760000000000000009e-01 3.352541330710131495e-01
3.770000000000000018e-01 3.362718498919423094e-01
3.780000000000000027e-01 3.372901333268641388e-01
3.790000000000000036e-01 3.383089821608917802e-01
3.800000000000000044e-01 3.393283951742151472e-01
3.810000000000000053e-01 3.403483711420933200e-01
3.820000000000000062e-01 3.413689088348475509e-01
3.830000000000000071e-01 3.423900070178533817e-01
3.840000000000000080e-01 3.434116644515334826e-01
3.850000000000000089e-01 3.444338798913503807e-01
3.860000000000000098e-01 3.454566520877991875e-01
3.870000000000000107e-01 3.464799797864001607e-01
3.880000000000000115e-01 3.475038617276916542e-01
3.890000000000000124e-01 3.485282966472229571e-01
3.900000000000000133e-01 3.495532832755470776e-01
3.910000000000000142e-01 3.505788203382135815e-01
3.920000000000000151e-01 3.516049065557617648e-01
3.930000000000000160e-01 3.526315406437134370e-01
3.940000000000000169e-01 3.536587213125659268e-01
3.950000000000000178e-01 3.546864472677853652e-01
3.960000000000000187e-01 3.557147172097994692e-01
3.970000000000000195e-01 3.567435298339910466e-01
3.980000000000000204e-01 3.577728838306907799e-01
3.990000000000000213e-01 3.588027778851707317e-01
4.000000000000000222e-01 3.598332106776376271e-01
4.010000000000000231e-01 3.608641808832258602e-01
4.020000000000000240e-01 3.618956871719912760e-01
4.030000000000000249e-01 3.629277282089040657e-01
4.040000000000000258e-01 3.639603026538427155e-01
4.050000000000000266e-01 3.649934091615870679e-01
4.060000000000000275e-01 3.660270463818120490e-01
4.070000000000000284e-01 3.670612129590812844e-01
4.080000000000000293e-01 3.680959075328404384e-01
4.090000000000000302e-01 3.691311287374112182e-01
4.100000000000000311e-01 3.701668752019848241e-01
4.110000000000000320e-01 3.712031455506157873e-01
4.120000000000000329e-01 3.722399384022156421e-01
4.130000000000000338e-01 3.732772523705470413e-01
4.140000000000000346e-01 3.743150860642173172e-01
4.150000000000000355e-01 3.753534380866726528e-01
4.160000000000000364e-01 3.763923070361918088e-01
4.169999999999999818e-01 3.774316915058804067e-01
4.179999999999999827e-01 3.784715900836649327e-01
4.189999999999999836e-01 3.795120013522866320e-01
4.199999999999999845e-01 3.805529238892960131e-01
4.209999999999999853e-01 3.815943562670468525e-01
4.219999999999999862e-01 3.826362970526904217e-01
4.229999999999999871e-01 3.836787448081699914e-01
4.239999999999999880e-01 3.847216980902151140e-01
4.249999999999999889e-01 3.857651554503359059e-01
4.259999999999999898e-01 3.868091154348176630e-01
4.269999999999999907e-01 3.878535765847153649e-01
4.279999999999999916e-01 3.888985374358481795e-01
4.289999999999999925e-01 3.899439965187940782e-01
4.299999999999999933e-01 3.909899523588845072e-01
4.309999999999999942e-01 3.920364034761993355e-01
4.319999999999999951e-01 3.930833483855611932e-01
4.329999999999999960e-01 3.941307855965305862e-01
4.339999999999999969e-01 3.951787136134008449e-01
4.349999999999999978e-01 3.962271309351927950e-01
4.359999999999999987e-01 3.972760360556499282e-01
4.369999999999999996e-01 3.983254274632334613e-01
4.380000000000000004e-01 3.993753036411172852e-01
4.390000000000000013e-01 4.004256630671833017e-01
4.400000000000000022e-01 4.014765042140163720e-01
4.410000000000000031e-01 4.025278255488998758e-01
4.420000000000000040e-01 4.035796255338108263e-01
4.430000000000000049e-01 4.046319026254153739e-01
4.440000000000000058e-01 4.056846552750640877e-01
4.450000000000000067e-01 4.067378819287876257e-01
4.460000000000000075e-01 4.077915810272920161e-01
4.470000000000000084e-01 4.088457510059546607e-01
4.480000000000000093e-01 4.099003902948195610e-01
4.490000000000000102e-01 4.109554973185933768e-01
4.500000000000000111e-01 4.120110704966409298e-01
4.510000000000000120e-01 4.130671082429813734e-01
4.520000000000000129e-01 4.141236089662836406e-01
4.530000000000000138e-01 4.151805710698628915e-01
4.540000000000000147e-01 4.162379929516762389e-01
4.550000000000000155e-01 4.172958730043188069e-01
4.560000000000000164e-01 4.183542096150199563e-01
4.570000000000000173e-01 4.194130011656395651e-01
4.580000000000000182e-01 4.204722460326641986e-01
4.590000000000000191e-01 4.215319425872033343e-01
4.600000000000000200e-01 4.225920891949859759e-01
4.610000000000000209e-01 4.236526842163568785e-01
4.620000000000000218e-01 4.247137260062731623e-01
4.630000000000000226e-01 4.257752129143010378e-01
4.640000000000000235e-01 4.268371432846121416e-01
4.650000000000000244e-01 4.278995154559804281e-01
4.660000000000000253e-01 4.289623277617789499e-01
4.670000000000000262e-01 4.300255785299765821e-01
4.680000000000000271e-01 4.310892660831350809e-01
4.690000000000000280e-01 4.321533887384059192e-01
4.700000000000000289e-01 4.332179448075272887e-01
4.710000000000000298e-01 4.342829325968212695e-01
4.720000000000000306e-01 4.353483504071910537e-01
4.730000000000000315e-01 4.364141965341180596e-01
4.740000000000000324e-01 4.374804692676592666e-01
4.750000000000000333e-01 4.385471668924446620e-01
4.760000000000000342e-01 4.396142876876744099e-01
4.770000000000000351e-01 4.406818299271167971e-01
4.780000000000000360e-01 4.417497918791054023e-01
4.790000000000000369e-01 4.428181718065368200e-01
4.799999999999999822e-01 4.438869679668685508e-01
4.809999999999999831e-01 4.449561786121166707e-01
4.819999999999999840e-01 4.460258019888536096e-01
4.829999999999999849e-01 4.470958363382060985e-01
4.839999999999999858e-01 4.481662798958532812e-01
4.849999999999999867e-01 4.492371308920246054e-01
4.859999999999999876e-01 4.503083875514981571e-01
4.869999999999999885e-01 4.513800480935986070e-01
4.879999999999999893e-01 4.524521107321957114e-01
4.889999999999999902e-01 4.535245736757025914e-01
4.899999999999999911e-01 4.545974351270740677e-01
4.909999999999999920e-01 4.556706932838052726e-01
4.919999999999999929e-01 4.567443463379302071e-01
4.929999999999999938e-01 4.578183924760202972e-01
4.939999999999999947e-01 4.588928298791832283e-01
4.949999999999999956e-01 4.599676567230617241e-01
4.959999999999999964e-01 4.610428711778322142e-01
4.969999999999999973e-01 4.621184714082041123e-01
4.979999999999999982e-01 4.631944555734185398e-01
4.989999999999999991e-01 4.642708218272475484e-01
5.000000000000000000e-01 4.653475683179933986e-01
5.010000000000000009e-01 4.664246931884875047e-01
5.020000000000000018e-01 4.675021945760902131e-01
5.030000000000000027e-01 4.685800706126896364e-01
5.040000000000000036e-01 4.696583194247016535e-01
5.050000000000000044e-01 4.707369391330692432e-01
5.060000000000000053e-01 4.718159278532619849e-01
5.070000000000000062e-01 4.728952836952761141e-01
5.080000000000000071e-01 4.739750047636339669e-01
5.090000000000000080e-01 4.750550891573840917e-01
5.100000000000000089e-01 4.761355349701011930e-01
5.110000000000000098e-01 4.772163402898859097e-01
5.120000000000000107e-01 4.782975031993653703e-01
5.130000000000000115e-01 4.793790217756929151e-01
5.140000000000000124e-01 4.804608940905487624e-01
5.150000000000000133e-01 4.815431182101401197e-01
5.160000000000000142e-01 4.826256921952016832e-01
5.170000000000000151e-01 4.837086141009963036e-01
5.180000000000000160e-01 4.847918819773153754e-01
5.190000000000000169e-01 4.858754938684796687e-01
5.200000000000000178e-01 4.869594478133400517e-01
5.210000000000000187e-01 4.880437418452783782e-01
5.220000000000000195e-01 4.891283739922082652e-01
5.230000000000000204e-01 4.902133422765764803e-01
5.240000000000000213e-01 4.912986447153636638e-01
5.250000000000000222e-01 4.923842793200856049e-01
5.260000000000000231e-01 4.934702440967948522e-01
5.270000000000000240e-01 4.945565370460815457e-01
5.280000000000000249e-01 4.956431561630752491e-01
5.290000000000000258e-01 4.967300994374464485e-01
5.300000000000000266e-01 4.978173648534078843e-01
5.310000000000000275e-01 4.989049503897167726e-01
5.320000000000000284e-01 4.999928540196759696e-01
5.330000000000000293e-01 5.010810737111364155e-01
5.340000000000000302e-01 5.021696074264987431e-01
5.350000000000000311e-01 5.032584531227155544e-01
5.360000000000000320e-01 5.043476087512933637e-01
5.370000000000000329e-01 5.054370722582951503e-01
5.380000000000000338e-01 5.065268415843421357e-01
5.390000000000000346e-01 5.076169146646168917e-01
5.400000000000000355e-01 5.087072894288652281e-01
5.410000000000000364e-01 5.097979638013990789e-01
5.420000000000000373e-01 5.108889357010993892e-01
5.430000000000000382e-01 5.119802030414183358e-01
5.440000000000000391e-01 5.130717637303826573e-01
5.450000000000000400e-01 5.141636156705965410e-01
5.460000000000000409e-01 5.152557567592441767e-01
5.470000000000000417e-01 5.163481848880938641e-01
5.480000000000000426e-01 5.174408979435002331e-01
5.490000000000000435e-01 5.185338938064082415e-01
5.500000000000000444e-01 5.196271703523561714e-01
5.510000000000000453e-01 5.207207254514795158e-01
5.520000000000000462e-01 5.218145569685143093e-01
5.530000000000000471e-01 5.229086627628007911e-01
5.540000000000000480e-01 5.240030406882874026e-01
5.550000000000000488e-01 5.250976885935345617e-01
5.560000000000000497e-01 5.261926043217185489e-01
5.570000000000000506e-01 5.272877857106356148e-01
5.580000000000000515e-01 5.283832305927064210e-01
5.590000000000000524e-01 5.294789367949799264e-01
5.600000000000000533e-01 5.305749021391378273e-01
5.610000000000000542e-01 5.316711244414991100e-01
5.620000000000000551e-01 5.327676015130246023e-01
5.630000000000000560e-01 5.338643311593215257e-01
5.640000000000000568e-01 5.349613111806482690e-01
5.650000000000000577e-01 5.360585393719192737e-01
5.660000000000000586e-01 5.371560135227098076e-01
5.670000000000000595e-01 5.382537314172611831e-01
5.680000000000000604e-01 5.393516908344857530e-01
5.690000000000000613e-01 5.404498895479722398e-01
5.700000000000000622e-01 5.415483253259910645e-01
5.710000000000000631e-01 5.426469959314995650e-01
5.720000000000000639e-01 5.437458991221477689e-01
5.730000000000000648e-01 5.448450326502838337e-01
5.740000000000000657e-01 5.459443942629599311e-01
5.750000000000000666e-01 5.470439817019377982e-01
5.760000000000000675e-01 5.481437927036949542e-01
5.769999999999999574e-01 5.492438249994305854e-01
5.779999999999999583e-01 5.503440763150715398e-01
5.789999999999999591e-01 5.514445443712788775e-01
5.799999999999999600e-01 5.525452268834535330e-01
5.809999999999999609e-01 5.536461215617437537e-01
5.819999999999999618e-01 5.547472261110505398e-01
5.829999999999999627e-01 5.558485382310350831e-01
5.839999999999999636e-01 5.569500556161248728e-01
5.849999999999999645e-01 5.580517759555211343e-01
5.859999999999999654e-01 5.591536969332051576e-01
5.869999999999999662e-01 5.602558162279456244e-01
5.879999999999999671e-01 5.613581315133057137e-01
5.889999999999999680e-01 5.624606404576505403e-01
5.899999999999999689e-01 5.635633407241539272e-01
5.909999999999999698e-01 5.646662299708063992e-01
5.919999999999999707e-01 5.657693058504223993e-01
5.929999999999999716e-01 5.668725660106480602e-01
5.939999999999999725e-01 5.679760080939690869e-01
5.949999999999999734e-01 5.690796297377180846e-01
5.959999999999999742e-01 5.701834285740832176e-01
5.969999999999999751e-01 5.712874022301158705e-01
5.979999999999999760e-01 5.723915483277386418e-01
5.989999999999999769e-01 5.734958644837541142e-01
5.999999999999999778e-01 5.746003483098527376e-01
6.009999999999999787e-01 5.757049974126217107e-01
6.019999999999999796e-01 5.768098093935531967e-01
6.029999999999999805e-01 5.779147818490533162e-01
6.039999999999999813e-01 5.790199123704506956e-01
6.049999999999999822e-01 5.801251985440055714e-01
6.059999999999999831e-01 5.812306379509185605e-01
6.069999999999999840e-01 5.823362281673400975e-01
6.079999999999999849e-01 5.834419667643793161e-01
6.089999999999999858e-01 5.845478513081137084e-01
6.099999999999999867e-01 5.856538793595981174e-01
6.109999999999999876e-01 5.867600484748747292e-01
6.119999999999999885e-01 5.878663562049823987e-01
6.129999999999999893e-01 5.889728000959665311e-01
6.139999999999999902e-01 5.900793776888889619e-01
6.149999999999999911e-01 5.911860865198378390e-01
6.159999999999999920e-01 5.922929241199377248e-01
6.169999999999999929e-01 5.933998880153600330e-01
6.179999999999999938e-01 5.945069757273325761e-01
6.189999999999999947e-01 5.956141847721507787e-01
6.199999999999999956e-01 5.967215126611880027e-01
6.209999999999999964e-01 5.978289569009057614e-01
6.219999999999999973e-01 5.989365149928647103e-01
6.229999999999999982e-01 6.000441844337355279e-01
6.239999999999999991e-01 6.011519627153097955e-01
6.250000000000000000e-01 6.022598473245109885e-01
6.260000000000000009e-01 6.033678357434056894e-01
6.270000000000000018e-01 6.044759254492149125e-01
6.280000000000000027e-01 6.055841139143253171e-01
6.290000000000000036e-01 6.066923986063008645e-01
6.300000000000000044e-01 6.078007769878940314e-01
6.310000000000000053e-01 6.089092465170582447e-01
6.320000000000000062e-01 6.100178046469589832e-01
6.330000000000000071e-01 6.111264488259858796e-01
6.340000000000000080e-01 6.122351764977650435e-01
6.350000000000000089e-01 6.133439851011708299e-01
6.360000000000000098e-01 6.144528720703383851e-01
6.370000000000000107e-01 6.155618348346758584e-01
6.380000000000000115e-01 6.166708708188766153e-01
6.390000000000000124e-01 6.177799774429323376e-01
6.400000000000000133e-01 6.188891521221455694e-01
6.410000000000000142e-01 6.199983922671420400e-01
6.420000000000000151e-01 6.211076952838840981e-01
6.430000000000000160e-01 6.222170585736838122e-01
6.440000000000000169e-01 6.233264795332155161e-01
6.450000000000000178e-01 6.244359555545295759e-01
6.460000000000000187e-01 6.255454840250653792e-01
6.470000000000000195e-01 6.266550623276653242e-01
6.480000000000000204e-01 6.277646878405878095e-01
6.490000000000000213e-01 6.288743579375210002e-01
6.500000000000000222e-01 6.299840699875972616e-01
6.510000000000000231e-01 6.310938213554060372e-01
6.520000000000000240e-01 6.322036094010088370e-01
6.530000000000000249e-01 6.333134314799525599e-01
6.540000000000000258e-01 6.344232849432845933e-01
6.550000000000000266e-01 6.355331671375663571e-01
6.560000000000000275e-01 6.366430754048879592e-01
6.570000000000000284e-01 6.377530070828832942e-01
6.580000000000000293e-01 6.388629595047439214e-01
6.590000000000000302e-01 6.399729299992346077e-01
6.600000000000000311e-01 6.410829158907077607e-01
6.610000000000000320e-01 6.421929144991183058e-01
6.620000000000000329e-01 6.433029231400396730e-01
6.630000000000000338e-01 6.444129391246777860e-01
6.640000000000000346e-01 6.455229597598874935e-01
6.650000000000000355e-01 6.466329823481875572e-01
6.660000000000000364e-01 6.477430041877759725e-01
6.670000000000000373e-01 6.488530225725464007e-01
6.680000000000000382e-01 6.499630347921030449e-01
6.690000000000000391e-01 6.510730381317773041e-01
6.700000000000000400e-01 6.521830298726434272e-01
6.710000000000000409e-01 6.532930072915347219e-01
6.720000000000000417e-01 6.544029676610596535e-01
6.730000000000000426e-01 6.555129082496184978e-01
6.740000000000000435e-01 6.566228263214195504e-01
6.750000000000000444e-01 6.577327191364955583e-01
6.760000000000000453e-01 6.588425839507209281e-01
6.770000000000000462e-01 6.599524180158280462e-01
6.780000000000000471e-01 6.610622185794242656e-01
6.790000000000000480e-01 6.621719828850090028e-01
6.800000000000000488e-01 6.632817081719908359e-01
6.810000000000000497e-01 6.643913916757047122e-01
6.820000000000000506e-01 6.655010306274293796e-01
6.830000000000000515e-01 6.666106222544047055e-01
6.840000000000000524e-01 6.677201637798492184e-01
6.850000000000000533e-01 6.688296524229780937e-01
6.860000000000000542e-01 6.699390853990204731e-01
6.870000000000000551e-01 6.710484599192376720e-01
6.880000000000000560e-01 6.721577731909410547e-01
6.890000000000000568e-01 6.732670224175102414e-01
6.900000000000000577e-01 6.743762047984112051e-01
6.910000000000000586e-01 6.754853175292147016e-01
6.920000000000000595e-01 6.765943578016148097e-01
6.930000000000000604e-01 6.777033228034472501e-01
6.940000000000000613e-01 6.788122097187079262e-01
6.950000000000000622e-01 6.799210157275721311e-01
6.960000000000000631e-01 6.810297380064133099e-01
6.970000000000000639e-01 6.821383737278216008e-01
6.980000000000000648e-01 6.832469200606235971e-01
6.990000000000000657e-01 6.843553741699009985e-01
7.000000000000000666e-01 6.854637332170102626e-01
7.010000000000000675e-01 6.865719943596017005e-01
7.020000000000000684e-01 6.876801547516393498e-01
7.030000000000000693e-01 6.887882115434204033e-01
7.039999999999999591e-01 6.898961618815950825e-01
7.049999999999999600e-01 6.910040029091863989e-01
7.059999999999999609e-01 6.921117317656099166e-01
7.069999999999999618e-01 6.932193455866941800e-01
7.079999999999999627e-01 6.943268415047006981e-01
7.089999999999999636e-01 6.954342166483442611e-01
7.099999999999999645e-01 6.965414681428133692e-01
7.109999999999999654e-01 6.976485931097904380e-01
7.119999999999999662e-01 6.987555886674727823e-01
7.129999999999999671e-01 6.998624519305930436e-01
7.139999999999999680e-01 7.009691800104402848e-01
7.149999999999999689e-01 7.020757700148806402e-01
7.159999999999999698e-01 7.031822190483781876e-01
7.169999999999999707e-01 7.042885242120167089e-01
7.179999999999999716e-01 7.053946826035202289e-01
7.189999999999999725e-01 7.065006913172746650e-01
7.199999999999999734e-01 7.076065474443492542e-01
7.209999999999999742e-01 7.087122480725182028e-01
7.219999999999999751e-01 7.098177902862820021e-01
7.229999999999999760e-01 7.109231711668895226e-01
7.239999999999999769e-01 7.120283877923595517e-01
7.249999999999999778e-01 7.131334372375032205e-01
7.259999999999999787e-01 7.142383165739455420e-01
7.269999999999999796e-01 7.153430228701477267e-01
7.279999999999999805e-01 7.164475531914298312e-01
7.289999999999999813e-01 7.175519045999924073e-01
7.299999999999999822e-01 7.186560741549397058e-01
7.309999999999999831e-01 7.197600589123017700e-01
7.319999999999999840e-01 7.208638559250574174e-01
7.329999999999999849e-01 7.219674622431564437e-01
7.339999999999999858e-01 7.230708749135434932e-01
7.349999999999999867e-01 7.241740909801799297e-01
7.359999999999999876e-01 7.252771074840678178e-01
7.369999999999999885e-01 7.263799214632723489e-01
7.379999999999999893e-01 7.274825299529458222e-01
7.389999999999999902e-01 7.285849299853502936e-01
7.399999999999999911e-01 7.296871185898818890e-01
7.409999999999999920e-01 7.307890927930934533e-01
7.419999999999999929e-01 7.318908496187189749e-01
7.429999999999999938e-01 7.329923860876970121e-01
7.439999999999999947e-01 7.340936992181945620e-01
7.449999999999999956e-01 7.351947860256310419e-01
7.459999999999999964e-01 7.362956435227023810e-01
7.469999999999999973e-01 7.373962687194051124e-01
7.479999999999999982e-01 7.384966586230610197e-01
7.489999999999999991e-01 7.395968102383406739e-01
7.500000000000000000e-01 7.406967205672886356e-01
7.510000000000000009e-01 7.417963866093475467e-01
7.520000000000000018e-01 7.428958053613833323e-01
7.530000000000000027e-01 7.439949738177088490e-01
7.540000000000000036e-01 7.450938889701100853e-01
7.550000000000000044e-01 7.461925478078698104e-01
7.560000000000000053e-01 7.472909473177935524e-01
7.570000000000000062e-01 7.483890844842341350e-01
7.580000000000000071e-01 7.494869562891171011e-01
7.590000000000000080e-01 7.505845597119658041e-01
7.600000000000000089e-01 7.516818917299270542e-01
7.610000000000000098e-01 7.527789493177965419e-01
7.620000000000000107e-01 7.538757294480439297e-01
7.630000000000000115e-01 7.549722290908394973e-01
7.640000000000000124e-01 7.560684452140786771e-01
7.650000000000000133e-01 7.571643747834090332e-01
7.660000000000000142e-01 7.582600147622551301e-01
7.670000000000000151e-01 7.593553621118452890e-01
7.680000000000000160e-01 7.604504137912376782e-01
7.690000000000000169e-01 7.615451667573458483e-01
7.700000000000000178e-01 7.626396179649655993e-01
7.710000000000000187e-01 7.637337643668014042e-01
7.720000000000000195e-01 7.648276029134922771e-01
7.730000000000000204e-01 7.659211305536387515e-01
7.740000000000000213e-01 7.670143442338296369e-01
7.750000000000000222e-01 7.681072408986681088e-01
7.760000000000000231e-01 7.691998174907991315e-01
7.770000000000000240e-01 7.702920709509362140e-01
7.780000000000000249e-01 7.713839982178878341e-01
7.790000000000000258e-01 7.724755962285851929e-01
7.800000000000000266e-01 7.735668619181088612e-01
7.810000000000000275e-01 7.746577922197164234e-01
7.820000000000000284e-01 7.757483840648690121e-01
7.830000000000000293e-01 7.768386343832598406e-01
7.840000000000000302e-01 7.779285401028401825e-01
7.850000000000000311e-01 7.790180981498484591e-01
7.860000000000000320e-01 7.801073054488364411e-01
7.870000000000000329e-01 7.811961589226981140e-01
7.880000000000000338e-01 7.822846554926965457e-01
7.890000000000000346e-01 7.833727920784921972e-01
7.900000000000000355e-01 7.844605655981709003e-01
7.910000000000000364e-01 7.855479729682716128e-01
7.920000000000000373e-01 7.866350111038145076e-01
7.930000000000000382e-01 7.877216769183295053e-01
7.940000000000000391e-01 7.888079673238838074e-01
7.950000000000000400e-01 7.898938792311109847e-01
7.960000000000000409e-01 7.909794095492388433e-01
7.970000000000000417e-01 7.920645551861179579e-01
7.980000000000000426e-01 7.931493130482503151e-01
7.990000000000000435e-01 7.942336800408180686e-01
8.000000000000000444e-01 7.953176530677116274e-01
8.010000000000000453e-01 7.964012290315590770e-01
8.020000000000000462e-01 7.974844048337546010e-01
8.030000000000000471e-01 7.985671773744874580e-01
8.040000000000000480e-01 7.996495435527710693e-01
8.050000000000000488e-01 8.007315002664716630e-01
8.060000000000000497e-01 8.018130444123378053e-01
8.070000000000000506e-01 8.028941728860294891e-01
8.080000000000000515e-01 8.039748825821469991e-01
8.090000000000000524e-01 8.050551703942606663e-01
8.100000000000000533e-01 8.061350332149400666e-01
8.110000000000000542e-01 8.072144679357831087e-01
8.120000000000000551e-01 8.082934714474462323e-01
8.130000000000000560e-01 8.093720406396733846e-01
8.140000000000000568e-01 8.104501724013257746e-01
8.150000000000000577e-01 8.115278636204118490e-01
8.160000000000000586e-01 8.126051111841164909e-01
8.170000000000000595e-01 8.136819119788314403e-01
8.180000000000000604e-01 8.147582628901847146e-01
8.190000000000000613e-01 8.158341608030708070e-01
8.200000000000000622e-01 8.169096026016804402e-01
8.210000000000000631e-01 8.179845851695308756e-01
8.220000000000000639e-01 8.190591053894958895e-01
8.230000000000000648e-01 8.201331601438359709e-01
8.240000000000000657e-01 8.212067463142284085e-01
8.250000000000000666e-01 8.222798607817980443e-01
8.260000000000000675e-01 8.233525004271468051e-01
8.270000000000000684e-01 8.244246621303847888e-01
8.280000000000000693e-01 8.254963427711607959e-01
8.290000000000000702e-01 8.265675392286920831e-01
8.300000000000000711e-01 8.276382483817954494e-01
8.310000000000000719e-01 8.287084671089181009e-01
8.320000000000000728e-01 8.297781922881676264e-01
8.329999999999999627e-01 8.308474207973433057e-01
8.339999999999999636e-01 8.319161495139664186e-01
8.349999999999999645e-01 8.329843753153115538e-01
8.359999999999999654e-01 8.340520950784370280e-01
8.369999999999999662e-01 8.351193056802159731e-01
8.379999999999999671e-01 8.361860039973675329e-01
8.389999999999999680e-01 8.372521869064872835e-01
8.399999999999999689e-01 8.383178512840788743e-01
8.409999999999999698e-01 8.393829940065850037e-01
8.419999999999999707e-01 8.404476119504181719e-01
8.429999999999999716e-01 8.415117019919925445e-01
8.439999999999999725e-01 8.425752610077544835e-01
8.449999999999999734e-01 8.436382858742142998e-01
8.459999999999999742e-01 8.447007734679775615e-01
8.469999999999999751e-01 8.457627206657760688e-01
8.479999999999999760e-01 8.468241243444997179e-01
8.489999999999999769e-01 8.478849813812275871e-01
8.499999999999999778e-01 8.489452886532597997e-01
8.509999999999999787e-01 8.500050430381485000e-01
8.519999999999999796e-01 8.510642414137300493e-01
8.529999999999999805e-01 8.521228806581561122e-01
8.539999999999999813e-01 8.531809576499256309e-01
8.549999999999999822e-01 8.542384692679162450e-01
8.559999999999999831e-01 8.552954123914160434e-01
8.569999999999999840e-01 8.563517839001554277e-01
8.579999999999999849e-01 8.574075806743388650e-01
8.589999999999999858e-01 8.584627995946766399e-01
8.599999999999999867e-01 8.595174375424164959e-01
8.609999999999999876e-01 8.605714913993758319e-01
8.619999999999999885e-01 8.616249580479735659e-01
8.629999999999999893e-01 8.626778343712617758e-01
8.639999999999999902e-01 8.637301172529578963e-01
8.649999999999999911e-01 8.647818035774765821e-01
8.659999999999999920e-01 8.658328902299619045e-01
8.669999999999999929e-01 8.668833740963192147e-01
8.679999999999999938e-01 8.679332520632471182e-01
8.689999999999999947e-01 8.689825210182697823e-01
8.699999999999999956e-01 8.700311778497689108e-01
8.709999999999999964e-01 8.710792194470161620e-01
8.719999999999999973e-01 8.721266427002046795e-01
8.729999999999999982e-01 8.731734445004818435e-01
8.739999999999999991e-01 8.742196217399814673e-01
8.750000000000000000e-01 8.752651713118554389e-01
8.760000000000000009e-01 8.763100901103065832e-01
8.770000000000000018e-01 8.773543750306207478e-01
8.780000000000000027e-01 8.783980229691988884e-01
8.790000000000000036e-01 8.794410308235894869e-01
8.800000000000000044e-01 8.804833954925208594e-01
8.810000000000000053e-01 8.815251138759335747e-01
8.820000000000000062e-01 8.825661828750126503e-01
8.830000000000000071e-01 8.836065993922198603e-01
8.840000000000000080e-01 8.846463603313263757e-01
8.850000000000000089e-01 8.856854625974446282e-01
8.860000000000000098e-01 8.867239030970613944e-01
8.870000000000000107e-01 8.877616787380694374e-01
8.880000000000000115e-01 8.887987864298005913e-01
8.890000000000000124e-01 8.898352230830578469e-01
8.900000000000000133e-01 8.908709856101475477e-01
8.910000000000000142e-01 8.919060709249123642e-01
8.920000000000000151e-01 8.929404759427632676e-01
8.930000000000000160e-01 8.939741975807121710e-01
8.940000000000000169e-01 8.950072327574043474e-01
8.950000000000000178e-01 8.960395783931509595e-01
8.960000000000000187e-01 8.970712314099613671e-01
8.970000000000000195e-01 8.981021887315755459e-01
8.980000000000000204e-01 8.991324472834967274e-01
8.990000000000000213e-01 9.001620039930239292e-01
9.000000000000000222e-01 9.011908557892838179e-01
9.010000000000000231e-01 9.022189996032641268e-01
9.020000000000000240e-01 9.032464323678450757e-01
9.030000000000000249e-01 9.042731510178326770e-01
9.040000000000000258e-01 9.052991524899907105e-01
9.050000000000000266e-01 9.063244337230731418e-01
9.060000000000000275e-01 9.073489916578567627e-01
9.070000000000000284e-01 9.083728232371736100e-01
9.080000000000000293e-01 9.093959254059433839e-01
9.090000000000000302e-01 9.104182951112055333e-01
9.100000000000000311e-01 9.114399293021520077e-01
9.110000000000000320e-01 9.124608249301598972e-01
9.120000000000000329e-01 9.134809789488228526e-01
9.130000000000000338e-01 9.145003883139847245e-01
9.140000000000000346e-01 9.155190499837708717e-01
9.150000000000000355e-01 9.165369609186209132e-01
9.160000000000000364e-01 9.175541180813214792e-01
9.170000000000000373e-01 9.185705184370375198e-01
9.180000000000000382e-01 9.195861589533456115e-01
9.190000000000000391e-01 9.206010366002658207e-01
9.200000000000000400e-01 9.216151483502936781e-01
9.210000000000000409e-01 9.226284911784330411e-01
9.220000000000000417e-01 9.236410620622277357e-01
9.230000000000000426e-01 9.246528579817943072e-01
9.240000000000000435e-01 9.256638759198537736e-01
9.250000000000000444e-01 9.266741128617640433e-01
9.260000000000000453e-01 9.276835657955516679e-01
9.270000000000000462e-01 9.286922317119447046e-01
9.280000000000000471e-01 9.297001076044041357e-01
9.290000000000000480e-01 9.307071904691561759e-01
9.300000000000000488e-01 9.317134773052243579e-01
9.310000000000000497e-01 9.327189651144613958e-01
9.320000000000000506e-01 9.337236509015814923e-01
9.330000000000000515e-01 9.347275316741918694e-01
9.340000000000000524e-01 9.357306044428250758e-01
9.350000000000000533e-01 9.367328662209706280e-01
9.360000000000000542e-01 9.377343140251070963e-01
9.370000000000000551e-01 9.387349448747335234e-01
9.380000000000000560e-01 9.397347557924020656e-01
9.390000000000000568e-01 9.407337438037486343e-01
9.400000000000000577e-01 9.417319059375256485e-01
9.410000000000000586e-01 9.427292392256331199e-01
9.420000000000000595e-01 9.437257407031506284e-01
9.430000000000000604e-01 9.447214074083687407e-01
9.440000000000000613e-01 9.457162363828206519e-01
9.450000000000000622e-01 9.467102246713137159e-01
9.460000000000000631e-01 9.477033693219613086e-01
9.470000000000000639e-01 9.486956673862136924e-01
9.480000000000000648e-01 9.496871159188897682e-01
9.490000000000000657e-01 9.506777119782086061e-01
9.500000000000000666e-01 9.516674526258204203e-01
9.510000000000000675e-01 9.526563349268382108e-01
9.520000000000000684e-01 9.536443559498687383e-01
9.530000000000000693e-01 9.546315127670440548e-01
9.540000000000000702e-01 9.556178024540522564e-01
9.550000000000000711e-01 9.566032220901689032e-01
9.560000000000000719e-01 9.575877687582878828e-01
9.570000000000000728e-01 9.585714395449527192e-01
9.580000000000000737e-01 9.595542315403872147e-01
9.590000000000000746e-01 9.605361418385265360e-01
9.599999999999999645e-01 9.615171675370478566e-01
9.609999999999999654e-01 9.624973057374017760e-01
9.619999999999999662e-01 9.634765535448420737e-01
9.629999999999999671e-01 9.644549080684574616e-01
9.639999999999999680e-01 9.654323664212014489e-01
9.649999999999999689e-01 9.664089257199234284e-01
9.659999999999999698e-01 9.673845830853988748e-01
9.669999999999999707e-01 9.683593356423600973e-01
9.679999999999999716e-01 9.693331805195262163e-01
9.689999999999999725e-01 9.703061148496342492e-01
9.699999999999999734e-01 9.712781357694687534e-01
9.709999999999999742e-01 9.722492404198922467e-01
9.719999999999999751e-01 9.732194259458755159e-01
9.729999999999999760e-01 9.741886894965275934e-01
9.739999999999999769e-01 9.751570282251260657e-01
9.749999999999999778e-01 9.761244392891464949e-01
9.759999999999999787e-01 9.770909198502930604e-01
9.769999999999999796e-01 9.780564670745277578e-01
9.779999999999999805e-01 9.790210781321007083e-01
9.789999999999999813e-01 9.799847501975793573e-01
9.799999999999999822e-01 9.809474804498788947e-01
9.809999999999999831e-01 9.819092660722908983e-01
9.819999999999999840e-01 9.828701042525135323e-01
9.829999999999999849e-01 9.838299921826808569e-01
9.839999999999999858e-01 9.847889270593918054e-01
9.849999999999999867e-01 9.857469060837400487e-01
9.859999999999999876e-01 9.867039264613428617e-01
9.869999999999999885e-01 9.876599854023705438e-01
9.879999999999999893e-01 9.886150801215750628e-01
9.889999999999999902e-01 9.895692078383195867e-01
9.899999999999999911e-01 9.905223657766070167e-01
9.909999999999999920e-01 9.914745511651088528e-01
9.919999999999999929e-01 9.924257612371942816e-01
9.929999999999999938e-01 9.933759932309585983e-01
9.939999999999999947e-01 9.943252443892518500e-01
9.949999999999999956e-01 9.952735119597074798e-01
9.959999999999999964e-01 9.962207931947706374e-01
9.969999999999999973e-01 9.971670853517266009e-01
9.979999999999999982e-01 9.981123856927290872e-01
9.989999999999999991e-01 9.990566914848284519e-01
1.000000000000000000e+00 1.000000000000000000e+00
